1  98.9
2  98.1
3  96.8
4  95.7
5  94.19999999999999
6  93.7
7  94.5
8  93.2
9  91.2
10  91.10000000000001
11  89.3
12  88.9
13  86
14  85.6
15  85.3
16  83.5
17  82.6
18  83.3
19  77.8
20  79.10000000000001
21  78.7
22  78
23  74.7
24  77.10000000000001
25  74.9
26  75.3
27  75.5
28  72.6
29  70.39999999999999
30  69.8
31  69.8
32  68.4
33  65
34  64.7
35  66.8
36  63.2
37  63.9
38  62.3
39  59.3
40  61.1
41  57.099999999999994
42  59.5
43  53.400000000000006
44  56.00000000000001
45  53.2
46  56.49999999999999
47  52.2
48  49.4
49  48.699999999999996
50  50.6
51  45.4
52  47.699999999999996
53  46.800000000000004
54  46.800000000000004
55  44.2
56  44.2
57  43.2
58  38.800000000000004
59  40.5
60  39.1
61  38.1
62  34.9
63  36.9
64  36.8
65  33.300000000000004
66  36.199999999999996
67  31.5
68  31
69  31.1
70  31.6
71  29.2
72  30.5
73  26.3
74  25
75  25.3
76  23
77  22.5
78  21.5
79  19.2
80  20.3
81  17.299999999999997
82  18
83  18
84  16.1
85  15.9
86  13.3
87  11.4
88  11.700000000000001
89  12.3
90  10.100000000000001
91  10
92  8.3
93  6.1
94  6.800000000000001
95  5.800000000000001
96  4.5
97  3.3000000000000003
98  1.9
99  1
