1  98.9
2  97.89999999999999
3  98.5
4  97.1
5  95.8
6  94.69999999999999
7  91.60000000000001
8  92.10000000000001
9  90.3
10  89.9
11  88.2
12  87.2
13  84.7
14  88
15  85.8
16  84.5
17  80.30000000000001
18  84
19  81.89999999999999
20  80.5
21  79.2
22  77.5
23  76.6
24  74.1
25  74.8
26  71.89999999999999
27  72.89999999999999
28  71.5
29  70.89999999999999
30  67.80000000000001
31  68.10000000000001
32  67.9
33  66.10000000000001
34  65.3
35  64.3
36  65
37  62.2
38  64.5
39  62.5
40  62.4
41  58.9
42  55.300000000000004
43  56.00000000000001
44  57.49999999999999
45  53.5
46  55.00000000000001
47  51.2
48  49.7
49  51.9
50  49
51  50.1
52  47.9
53  47.699999999999996
54  45.9
55  46
56  44.2
57  41.9
58  42.1
59  37.9
60  37.6
61  39.6
62  36.5
63  38
64  34.2
65  32.9
66  32
67  32.6
68  31
69  29.7
70  28.799999999999997
71  29.2
72  26.6
73  26.3
74  25.7
75  26.700000000000003
76  23
77  22
78  24.6
79  19.1
80  19
81  18.2
82  16.7
83  19.5
84  16.3
85  15.4
86  12.9
87  12.4
88  13.200000000000001
89  9.5
90  10.5
91  8.4
92  9.4
93  4.8
94  5.2
95  4.6
96  3.3000000000000003
97  2.9000000000000004
98  2.3
99  0.8
