1  99.3
2  98.2
3  96.8
4  95.5
5  95.39999999999999
6  94.19999999999999
7  93.89999999999999
8  92.2
9  89.9
10  90.10000000000001
11  88.6
12  87.5
13  87.6
14  87.5
15  83.1
16  83.1
17  82.6
18  82.6
19  80
20  81.5
21  78
22  79.7
23  77.60000000000001
24  73.8
25  73.5
26  71
27  75.1
28  70.89999999999999
29  70.7
30  71.2
31  66.7
32  63.6
33  64.8
34  66.8
35  61.6
36  64.7
37  64.4
38  60.4
39  62.8
40  57.599999999999994
41  59
42  57.699999999999996
43  57.099999999999994
44  57.99999999999999
45  55.7
46  54
47  52.1
48  51.7
49  49.2
50  51.4
51  51.7
52  51
53  45.300000000000004
54  43
55  45.2
56  41.699999999999996
57  41.699999999999996
58  41.199999999999996
59  37
60  41.9
61  40.300000000000004
62  38.7
63  36.5
64  37.1
65  34.4
66  34.599999999999994
67  34.699999999999996
68  32.5
69  30.8
70  29.099999999999998
71  30.099999999999998
72  27.900000000000002
73  25.7
74  25.7
75  25.1
76  23.599999999999998
77  24.4
78  21.6
79  20.3
80  17.1
81  17.5
82  18.5
83  18.3
84  15.9
85  14.299999999999999
86  17.299999999999997
87  11.3
88  11.4
89  11.4
90  11.5
91  10.299999999999999
92  7.9
93  7.199999999999999
94  6.1
95  4.5
96  4.1000000000000005
97  3.3000000000000003
98  1.6
99  1.2
