1  99
2  97.6
3  98.3
4  94.69999999999999
5  95.8
6  93.5
7  94
8  91.7
9  89.4
10  92.5
11  89.60000000000001
12  88.7
13  87.9
14  84.7
15  85.3
16  81.10000000000001
17  82.5
18  82.39999999999999
19  79.80000000000001
20  78.60000000000001
21  78.10000000000001
22  77.4
23  77.2
24  75
25  73.1
26  75.6
27  71.3
28  72.5
29  71.2
30  69
31  69.5
32  66.2
33  68.10000000000001
34  64.5
35  62.5
36  63.7
37  62.2
38  61.199999999999996
39  63.2
40  59.4
41  58.099999999999994
42  56.699999999999996
43  60.5
44  56.99999999999999
45  55.300000000000004
46  53.800000000000004
47  53
48  50.8
49  49.2
50  49.7
51  47.5
52  51.5
53  48.3
54  48.5
55  43.7
56  42.9
57  44.6
58  40.699999999999996
59  39.7
60  39.4
61  36.8
62  38.2
63  38.7
64  33.1
65  34.8
66  35.699999999999996
67  33.300000000000004
68  31.900000000000002
69  31.900000000000002
70  28.299999999999997
71  29.299999999999997
72  28.499999999999996
73  26.700000000000003
74  26.5
75  27.1
76  23.799999999999997
77  21
78  20.9
79  22.1
80  18.2
81  19.1
82  19.5
83  15.6
84  17.599999999999998
85  16
86  15.2
87  14.099999999999998
88  11.3
89  11.1
90  10.5
91  8.7
92  6.4
93  6.2
94  6.7
95  4.1000000000000005
96  4.6
97  3.5999999999999996
98  1.6
99  1
